Output Of Scenarial 02
Part One: Trip Distribution O-D Matrix
,Zone1,Zone2,Zone3,Zone4,Zone5,Zone6,Zone7,Zone8,Zone9,Zone10,Zone11,Zone12,Zone13,Zone14,Zone15,Zone16,Zone17,Zone18,Zone19,Zone20,Zone21,Zone22,Zone23,Zone24,Zone25,Trip Production Of Each Zone
Zone1,   0.00000,   0.00000, 513.04276,  57.60981,  48.96109,   0.00000, 265.67771, 373.79399,  54.51593,  62.90971, 775.49959, 161.61344, 351.53930, 115.71986,   9.20589,  22.78451,  80.18420, 222.50525, 136.21417, 333.75705,  55.66172, 148.24307, 297.70623, 167.70872, 260.64601,4515.50000
Zone2,   0.00000,   0.00000,   0.00000, 403.56099, 342.97608,   0.00000,   0.00000,   0.00000, 381.88811, 440.68718,   0.00000,   0.00000, 861.74227, 283.66869,  64.48794, 159.60714, 561.69626, 545.43597, 333.90721, 818.15193, 389.91443,1038.45366, 729.77913, 411.11106, 638.93194,8406.00000
Zone3, 698.34506,   0.00000,   0.00000,   0.00000,2562.68731,   0.00000,   0.00000,   0.00000,   0.00000,3292.77608,   0.00000,   0.00000,1662.54900,   0.00000, 481.84829, 307.92814,1083.67384,1052.30306, 684.91204,1678.19707, 752.25723,2003.47615, 550.68844, 310.22278, 482.13551,17604.00000
Zone4,  87.38863, 395.55313,   0.00000,   0.00000,   0.00000,1535.42273, 427.40050,   0.00000,   0.00000,1677.63126,1247.56013, 332.62201, 913.02118,   0.00000, 245.49612, 159.05372, 559.74864, 577.89273, 348.95475, 855.02196, 932.11285,1034.85293, 280.56938, 158.05491, 245.64246,12014.00000
Zone5,  50.36259, 227.95965,2035.87353,   0.00000,   0.00000, 884.87334, 246.31348,1483.30188, 925.94421,3561.80106, 718.97639, 508.20771,1394.99007, 579.48017, 521.21605, 243.01557, 855.23075, 882.95281, 201.10472, 492.75429,1424.15992,1581.13480, 161.69382,  91.08799, 141.56522,19214.00000
Zone6,   0.00000,   0.00000,   0.00000,1570.17198,1334.44869,   0.00000,   0.00000,   0.00000,1485.84730,1714.62227,   0.00000,   0.00000,3352.86019,1103.69596, 250.90920, 620.99824,2185.44348,2122.17806,1299.16361,3183.25923,1517.07607,4040.40748,2839.41901,1599.54775,2485.95148,32706.00000
Zone7, 272.63462,   0.00000,   0.00000, 303.96051, 258.32820,   0.00000,   0.00000,   0.00000, 287.63659, 331.92381,   0.00000,   0.00000, 649.06081, 213.65812,  48.57206, 120.21546, 423.06736, 410.82018, 251.49757, 616.22874, 293.68198, 782.15912, 549.66670, 309.64720, 481.24097,6604.00000
Zone8, 523.57691,   0.00000,   0.00000,   0.00000,1921.34804,   0.00000,   0.00000,   0.00000,   0.00000,2468.72447,   0.00000,   0.00000,   0.00000,   0.00000, 361.26072, 295.36117,1039.44763,   0.00000, 609.49022,1493.39570,1730.92425,1921.71155,1332.08634, 750.41257,1166.26042,15614.00000
Zone9,  59.13973, 267.68822,   0.00000,   0.00000, 883.59726,1039.08816, 289.24074,   0.00000,   0.00000,1135.32693, 844.27886, 225.09996, 617.88163,   0.00000, 166.13803, 107.63866, 378.80655, 391.08545, 236.15304, 578.63101, 630.80180, 700.33054, 189.87365, 106.96272, 166.23706,9014.00000
Zone10,  70.43253, 318.80359,2847.18720,1368.43160,3876.75455,1237.50321, 344.47158,2074.41084,1294.94120,   0.00000,1005.49486, 710.73300,1950.90599, 810.40817,   0.00000, 339.85943,1196.04779,1234.81734, 281.24673, 689.12125,1991.70028,2211.23104, 226.13024, 127.38737, 197.98022,26406.00000
Zone11,1079.73046,   0.00000,   0.00000,1203.79220,1023.07196,   0.00000,   0.00000,   0.00000,1139.14361,1314.53683,   0.00000,   0.00000,2570.51264, 846.16246, 192.36271,   0.00000,   0.00000,   0.00000,1058.96131,2594.70656,4504.49787,   0.00000, 851.43450, 479.64395, 745.44294,19604.00000
Zone12, 189.82265,   0.00000,   0.00000, 270.75582, 552.00133,   0.00000,   0.00000,   0.00000, 256.21512, 709.26202,   0.00000,   0.00000,   0.00000,   0.00000, 103.78984,   0.00000,   0.00000,   0.00000, 220.97049, 541.43015, 791.91589,   0.00000, 482.94749, 272.06185, 422.82736,4814.00000
Zone13, 420.18065, 699.66714,1459.88996, 756.30902,1541.91916,2715.90522, 755.99979,   0.00000, 715.69212,1981.19939,2206.72457,   0.00000,   0.00000,   0.00000, 289.91875, 299.11791,1052.66851,   0.00000, 617.24241,1512.39042,1752.94013,1946.15408,1349.02934, 759.95718,1181.09426,24014.00000
Zone14, 133.36467, 222.07324,   0.00000,   0.00000, 617.58937, 862.02401, 239.95313,   0.00000,   0.00000, 793.53556, 700.41088,   0.00000,   0.00000,   0.00000, 116.12200,  94.93955, 334.11532,   0.00000,   0.00000,   0.00000, 556.38042, 617.70622, 540.33065, 304.38786, 473.06712,6606.00000
Zone15,   8.43931,  38.19945, 341.15354, 163.96719, 464.51759, 148.27919,  41.27502, 248.55851, 155.16148,   0.00000, 120.47965,  85.16092, 233.76000,  97.10412,   0.00000,  40.72238, 143.31195, 147.95736,  33.69934,  82.57137, 238.64802, 264.95247,  27.09521,  15.26371,  23.72224,3164.00000
Zone16,  32.17196, 145.62212, 303.84774, 148.05505, 301.84609, 565.26292, 157.34667, 283.22290, 140.10388, 387.83958,   0.00000,   0.00000, 336.12699, 110.64643,  56.75449,   0.00000,   0.00000,   0.00000, 128.46702, 314.77469,   0.00000,   0.00000, 103.29108,  58.18761,  90.43280,3664.00000
Zone17,  90.27031, 408.59669, 852.55712, 415.42315, 846.94074,1586.05402, 441.49424, 794.68650, 393.11322,1088.22727,   0.00000,   0.00000, 943.12848, 310.45944, 159.24571,   0.00000,   0.00000,   0.00000, 360.46170, 883.21672,1533.29393,   0.00000, 289.82128, 163.26685, 253.74263,11814.00000
Zone18, 322.98227, 537.81647,1122.18057, 581.35566,1185.23435,2087.64781, 581.11796,   0.00000, 550.13447,1522.89798,   0.00000,   0.00000,   0.00000,   0.00000, 222.85323,   0.00000,   0.00000,   0.00000,   0.00000,   0.00000,1700.36894,   0.00000,1308.57156, 737.16584,1145.67290,13606.00000
Zone19, 152.61981, 254.13608, 563.77643, 270.96549, 230.28659, 986.48268, 274.59747, 487.53655, 256.41353, 295.89336, 852.18704, 210.79114, 578.60503,   0.00000,  43.29955, 107.16603, 377.14325,   0.00000,   0.00000,   0.00000, 261.80270, 697.25547, 780.30279, 439.57288, 683.16613,8804.00000
Zone20, 541.10344, 901.02268,1998.83207, 960.69024, 816.46587,3497.50912, 973.56717,1728.52862, 909.09723,1049.07036,3021.37283, 747.34604,2051.40590,   0.00000, 153.51568, 379.95007,1337.13647,   0.00000,   0.00000,   0.00000, 928.20417,2472.07318,2766.51197,1558.47657,2422.12034,31214.00000
Zone21,  61.11947, 276.64923, 577.24225, 745.69708,1520.28416,1073.87220, 298.92323,1426.48622, 705.65009,1953.40076,3734.65335, 778.29851,1692.94405, 557.28405, 285.85084,   0.00000,1652.80536,1352.20470, 244.05839, 598.00099,   0.00000,   0.00000, 196.22977, 110.54335, 171.80194,20014.00000
Zone22, 221.32268,1001.78801,2090.28004,1018.52499,2076.50995,3888.65096,1082.44547,1948.39419, 963.82601,2668.09074,   0.00000,   0.00000,2312.34084, 761.17736, 390.43498,   0.00000,   0.00000,   0.00000, 883.77174,2165.45054,   0.00000,   0.00000, 710.57720, 400.29392, 622.12038,25206.00000
Zone23, 458.18773, 762.95493, 592.28436, 284.66714, 241.93126,2961.57011, 824.38310,1463.65842, 269.37934, 310.85551, 895.27875, 632.82685,1737.05977, 721.57625,  45.48903, 112.58499, 396.21388,1387.44123,1071.84029,2626.26313, 275.04102, 732.51290,   0.00000,   0.00000,   0.00000,18804.00000
Zone24, 192.83651, 321.10324, 249.27347, 119.80726, 101.82110,1246.42979, 346.95639, 616.00685, 113.37312, 130.82911, 376.79409, 266.33651, 731.07270, 303.68828,  19.14487,  47.38341, 166.75371, 583.92948, 451.10317,1105.30985, 115.75594, 308.29117,   0.00000,   0.00000,   0.00000,7914.00000
Zone25, 385.33189, 641.63844, 498.10598, 239.40258, 203.46208,2490.65463, 693.29900,1230.92397, 226.54568, 261.42677, 752.92162, 532.20186,1460.85211, 606.83933,  38.25588,  94.68299, 333.21242,1166.82597, 901.40834,2208.66439, 231.30710, 616.03696,   0.00000,   0.00000,   0.00000,15814.00000
Trip Attraction Of Each Zone,6051.36389,7421.27229,16045.52701,10883.14776,22952.98283,28807.23010,8284.46264,14159.50942,11224.62224,29153.46802,17252.63261,5191.23795,26402.35895,7421.56869,4266.17187,3553.00937,14156.70736,12078.34957,10354.62827,25371.29704,22608.44665,23116.98278,16563.75577,9330.96462,14501.80232,367153.50000

Part Two: Traffic Capacity and Traffic Volume Comparison
LineCode,Transport Capacity,From Zone,To Zone,Traffic Volume,TransportCapacity-TrafficVolume, Result
Line1,48000.000000,1,7,4514.50000,43485.50000,Succeed
Line1,48000.000000,7,1,40158.31142,7841.68858,Succeed
Line1,48000.000000,7,13,40158.31142,7841.68858,Succeed
Line1,48000.000000,13,7,64428.45446,-16428.45446,Fail.Traffic Capacity of Line1 is too small to operate the traffic volume of this edge
Line1,48000.000000,13,19,64428.45446,-16428.45446,Fail.Traffic Capacity of Line1 is too small to operate the traffic volume of this edge
Line1,48000.000000,19,13,73777.05922,-25777.05922,Fail.Traffic Capacity of Line1 is too small to operate the traffic volume of this edge
Line1,48000.000000,19,24,73777.05922,-25777.05922,Fail.Traffic Capacity of Line1 is too small to operate the traffic volume of this edge
Line1,48000.000000,24,19,42531.00000,5469.00000,Succeed

Line2,14400.000000,21,17,20013.00000,-5613.00000,Fail.Traffic Capacity of Line2 is too small to operate the traffic volume of this edge
Line2,14400.000000,17,21,50350.16289,-35950.16289,Fail.Traffic Capacity of Line2 is too small to operate the traffic volume of this edge
Line2,14400.000000,17,13,50350.16289,-35950.16289,Fail.Traffic Capacity of Line2 is too small to operate the traffic volume of this edge
Line2,14400.000000,13,17,54179.18385,-39779.18385,Fail.Traffic Capacity of Line2 is too small to operate the traffic volume of this edge
Line2,14400.000000,13,9,54179.18385,-39779.18385,Fail.Traffic Capacity of Line2 is too small to operate the traffic volume of this edge
Line2,14400.000000,9,13,71264.65433,-56864.65433,Fail.Traffic Capacity of Line2 is too small to operate the traffic volume of this edge
Line2,14400.000000,9,10,71264.65433,-56864.65433,Fail.Traffic Capacity of Line2 is too small to operate the traffic volume of this edge
Line2,14400.000000,10,9,63311.69359,-48911.69359,Fail.Traffic Capacity of Line2 is too small to operate the traffic volume of this edge
Line2,14400.000000,10,5,63311.69359,-48911.69359,Fail.Traffic Capacity of Line2 is too small to operate the traffic volume of this edge
Line2,14400.000000,5,10,21136.12738,-6736.12738,Fail.Traffic Capacity of Line2 is too small to operate the traffic volume of this edge

Line3,36000.000000,7,9,30912.06019,5087.93981,Succeed
Line3,36000.000000,9,7,21318.30514,14681.69486,Succeed
Line3,36000.000000,9,19,21318.30514,14681.69486,Succeed
Line3,36000.000000,19,9,27382.42310,8617.57690,Succeed
Line3,36000.000000,19,17,27382.42310,8617.57690,Succeed
Line3,36000.000000,17,19,29633.21716,6366.78284,Succeed
Line3,36000.000000,17,7,29633.21716,6366.78284,Succeed
Line3,36000.000000,7,17,30912.06019,5087.93981,Succeed


Part Three: Financial Cost and Revenue
Establishment Cost Of the Whole Metro System (Roads+Stations+Vechicles),204215.44797
Operation Cost and Revenue of Metro Lines
LineCode,Operation Cost Per Day,Revenue Per Day,Income Per Day
1,25123.88038,209138.03585,184014.15548
2,16924.03182,257505.56210,240581.53028
3,58796.71233,174793.60893,115996.89660
Sum,100844.62452,641437.20689,540592.58236
